64 64 64
   0.  0.  0.  0.  0.    3.63039E+14
   0.  0.  0.  0.  0.    5.16208E+14
   0.  0.  0.  0.  0.    7.28152E+14
   0.  0.  0.  0.  0.    1.01893E+15
   0.  0.  0.  0.  0.    1.41447E+15
   0.  0.  0.  0.  0.    1.94791E+15
   0.  0.  0.  0.  0.    2.66114E+15
   0.  0.  0.  0.  0.    3.60656E+15
   0.  0.  0.  0.  0.    4.84891E+15
   0.  0.  0.  0.  0.    6.46728E+15
   0.  0.  0.  0.  0.    8.55704E+15
   0.  0.  0.  0.  0.    1.12319E+16
   0.  0.  0.  0.  0.    1.46253E+16
   0.  0.  0.  0.  0.    1.88923E+16
   0.  0.  0.  0.  0.    2.42097E+16
   0.  0.  0.  0.  0.    3.07766E+16
   0.  0.  0.  0.  0.    3.88130E+16
   0.  0.  0.  0.  0.    4.85578E+16
   0.  0.  0.  0.  0.    6.02652E+16
   0.  0.  0.  0.  0.    7.41993E+16
   0.  0.  0.  0.  0.    9.06272E+16
   0.  0.  0.  0.  0.    1.09810E+17
   0.  0.  0.  0.  0.    1.31994E+17
   0.  0.  0.  0.  0.    1.57394E+17
   0.  0.  0.  0.  0.    1.86188E+17
   0.  0.  0.  0.  0.    2.18493E+17
   0.  0.  0.  0.  0.    2.54361E+17
   0.  0.  0.  0.  0.    2.93758E+17
   0.  0.  0.  0.  0.    3.36553E+17
   0.  0.  0.  0.  0.    3.82510E+17
   0.  0.  0.  0.  0.    4.31279E+17
   0.  0.  0.  0.  0.    4.82391E+17
   0.  0.  0.  0.  0.    5.35261E+17
   0.  0.  0.  0.  0.    5.89194E+17
   0.  0.  0.  0.  0.    6.43393E+17
   0.  0.  0.  0.  0.    6.96979E+17
   0.  0.  0.  0.  0.    7.49012E+17
   0.  0.  0.  0.  0.    7.98516E+17
   0.  0.  0.  0.  0.    8.44509E+17
   0.  0.  0.  0.  0.    8.86034E+17
   0.  0.  0.  0.  0.    9.22194E+17
   0.  0.  0.  0.  0.    9.52181E+17
   0.  0.  0.  0.  0.    9.75310E+17
   0.  0.  0.  0.  0.    9.91040E+17
   0.  0.  0.  0.  0.    9.99000E+17
   0.  0.  0.  0.  0.    9.99000E+17
   0.  0.  0.  0.  0.    9.91040E+17
   0.  0.  0.  0.  0.    9.75310E+17
   0.  0.  0.  0.  0.    9.52181E+17
   0.  0.  0.  0.  0.    9.22194E+17
   0.  0.  0.  0.  0.    8.86034E+17
   0.  0.  0.  0.  0.    8.44509E+17
   0.  0.  0.  0.  0.    7.98516E+17
   0.  0.  0.  0.  0.    7.49012E+17
   0.  0.  0.  0.  0.    6.96979E+17
   0.  0.  0.  0.  0.    6.43393E+17
   0.  0.  0.  0.  0.    5.89194E+17
   0.  0.  0.  0.  0.    5.35262E+17
   0.  0.  0.  0.  0.    4.82391E+17
   0.  0.  0.  0.  0.    4.31279E+17
   0.  0.  0.  0.  0.    3.82510E+17
   0.  0.  0.  0.  0.    3.36553E+17
   0.  0.  0.  0.  0.    2.93758E+17
   0.  0.  0.  0.  0.    2.54361E+17
   0.  0.  0.  0.  0.    2.18493E+17
   0.  0.  0.  0.  0.    1.86188E+17
   0.  0.  0.  0.  0.    1.57395E+17
   0.  0.  0.  0.  0.    1.31994E+17
   0.  0.  0.  0.  0.    1.09810E+17
   0.  0.  0.  0.  0.    9.06273E+16
   0.  0.  0.  0.  0.    7.41994E+16
   0.  0.  0.  0.  0.    6.02653E+16
   0.  0.  0.  0.  0.    4.85579E+16
   0.  0.  0.  0.  0.    3.88130E+16
   0.  0.  0.  0.  0.    3.07766E+16
   0.  0.  0.  0.  0.    2.42098E+16
   0.  0.  0.  0.  0.    1.88923E+16
   0.  0.  0.  0.  0.    1.46253E+16
   0.  0.  0.  0.  0.    1.12319E+16
   0.  0.  0.  0.  0.    8.55706E+15
   0.  0.  0.  0.  0.    6.46728E+15
   0.  0.  0.  0.  0.    4.84892E+15
   0.  0.  0.  0.  0.    3.60656E+15
   0.  0.  0.  0.  0.    2.66115E+15
   0.  0.  0.  0.  0.    1.94791E+15
   0.  0.  0.  0.  0.    1.41447E+15
   0.  0.  0.  0.  0.    1.01893E+15
   0.  0.  0.  0.  0.    7.28153E+14
   0.  0.  0.  0.  0.    5.16209E+14
   0.  0.  0.  0.  0.    3.63039E+14
   0.  0.  0.  0.  0.    2.53284E+14
